0 9 7 3 2 100 100 100 100 100 100 100
100 0 100 100 100 4 2 1 100 100 100 100
100 100 0 100 100 2 7 100 100 100 100 100
100 100 100 0 100 100 100 11 100 100 100 100
100 100 100 100 0 100 11 8 100 100 100 100
100 100 100 100 100 0 100 100 6 5 100 100
100 100 100 100 100 100 0 100 4 3 100 100
100 100 100 100 100 100 100 0 100 5 6 100
100 100 100 100 100 100 100 100 0 100 100 4
100 100 100 100 100 100 100 100 100 0 100 2
100 100 100 100 100 100 100 100 100 100 0 5
100 100 100 100 100 100 100 100 100 100 100 0

